Result 100-100
698478	107	145
714614	107	145
808020	107	145
721285	107	145
818836	107	145
771301	107	145
733701	107	145
701404	107	145
782978	107	145
856733	107	145
763556	107	145
784273	107	145
849020	107	145
903843	107	145
1003085	107	145
695923	107	145
725435	107	145
898242	107	145
687330	107	145
744845	107	145
952683	147	212
1173579	147	212
999870	147	212
957777	147	212
1099786	147	212
953971	147	212
991997	147	212
940953	147	212
1035200	147	212
970213	147	212
1123302	184	270
1088409	184	270
1093073	184	270
1127938	184	270
1123592	184	270
1102981	184	270
1134056	184	270
1210392	184	270
1086823	184	270
1166225	184	270
1362674	268	333
1437384	268	333
1646924	268	333
1483418	268	333
1437386	268	333
1389845	268	333
1417111	268	333
1410803	268	333
1423887	268	333
1389691	268	333
1852734	310	412
1748800	310	412
1652710	310	412
1627091	310	412
1630790	310	412
1675476	310	412
1603842	310	412
1637020	310	412
1660655	310	412
1580851	310	412
1839568	347	485
1911841	347	485
1877115	347	485
1831611	347	485
1847296	347	485
1872752	347	485
1836012	347	485
1819696	347	485
1768970	347	485
1841579	347	485
2267389	443	543
2202058	443	543
2130289	443	543
2275854	443	543
2417956	443	543
2456483	443	543
2117133	443	543
2115780	443	543
2101676	443	543
2188400	443	543
2307288	455	574
2206674	455	574
2257734	455	574
2339690	455	574
2340980	455	574
2298587	455	574
2206587	455	574
2195493	455	574
2195538	455	574
2211480	455	574
2622713	525	659
2554681	525	659
2544084	525	659
2716679	525	659
2545220	525	659
2452348	525	659
2485395	525	659
2558194	525	659
2566711	525	659
2581202	525	659
