Result 10-10
2075429
1910052
1679572
1521709
1457100
1842687
1962858
1585373
1452145
1635024
Result 10-100
1208326
1592565
1796766
1351324
1663717
1447762
1390278
1594525
1433855
1468970
Result 10-1000
1185036
1504606
1786255
1532090
1398137
1309956
1429420
1610561
1442296
1573523
Result 20-10
2123691
2935314
2826417
3335228
3234721
3475754
2604826
1961096
2391942
2765556
Result 20-100
3502347
2321821
3237371
3015334
2605396
2679134
3264461
2801602
1971363
3257319
Result 20-1000
2208670
3592038
3207955
3359928
3027966
3989898
2742331
3771948
3106908
2659685
Result 50-10
8490668
11403368
7278624
7362254
4377622
7378785
6969259
14045076
21076716
10947389
Result 50-100
19159175
7178437
18672494
14984466
12662184
23570155
27088916
15481184
17993252
20169503
Result 50-1000
4450188
8358138
11287427
15784285
36686905
20005039
4412277
23016904
22858898
17640771
Result 100-10
14776781
21078483
14233435
13871647
24806600
39469584
29046305
49838771
32402807
129989313
Result 100-100
30216603
8929248
106081393
90107075
76438978
107836699
471275175
104493315
196313050
200817385
Result 100-1000
146063193
47119759
47138202
41203130
122692535
139256094
191889564
223957227
448743532
103482615
Result 200-10
46203772
50342568
99453460
146495905
107797413
161472929
276135007
271466339
288039191
376379404
Result 200-100
179911522
368491289
1359942423
747793370
1061878138
1637946034
1843951819
1829166193
2921661335
2659464231
Result 200-1000
131788055
204665995
828291220
1229890599
744375943
2739552976
652164631
3220075137
1940544596
4357196107
Result 500-10
235906946
566583783
1178877872
2370035992
2615130047
5470628316
8319851601
8161691038
11599862213
11739593264
Result 500-100
6482958852
12239884410
19387893336
24617056367
27897930243
46644949554
44470652885
53048139234
