Result 10-10
1106718	13
1296755	13
1343025	14
1368291	13
1308021	13
1136558	14
1281809	13
1268427	11
1399627	12
1258592	13
Result 10-100
1312172	109
1271702	112
1241137	104
1208140	103
1133052	112
1154084	105
1147245	109
1224919	92
1596722	106
1398890	111
Result 10-1000
1273780	932
1252685	932
1415968	1170
1328394	1160
1284826	1106
1056138	1075
1254224	900
1332854	935
1235251	1085
1203577	1082
Result 20-10
1749417	14
1690304	13
1731358	14
1597505	12
1721863	13
1756173	14
1731027	12
1553632	12
1616431	12
1560547	13
Result 20-100
1665196	113
1597762	117
1829967	109
1698677	113
1569739	108
1549370	104
1537734	119
1834284	113
1536106	115
1744407	110
Result 20-1000
1499819	1115
1667005	1125
1745353	1201
1664086	1228
1665649	1283
1790069	1172
1510135	1139
1711434	1116
1529079	1021
1707340	1238
Result 50-10
2285758	13
2200255	14
2208836	13
2153162	13
2104305	19
2131985	19
2137602	19
2089070	24
2109137	32
2122416	30
Result 50-100
2404269	113
2166784	121
2368408	113
2093879	116
2290857	152
2083418	197
2224703	214
2228737	236
2228878	286
2079093	285
Result 50-1000
2268608	1049
2374560	1197
2164188	1243
2038603	1383
2266241	1365
2010826	1776
2215440	2056
1964080	2149
2166270	2606
2186152	2762
Result 100-10
2609030	14
2592264	14
2811927	20
2542519	25
3484699	37
2852988	38
3249234	41
3466844	48
2904448	59
3489999	60
Result 100-100
3101343	115
3056818	125
3534607	187
3191068	223
3116405	283
3416164	344
2795155	424
3671611	474
3368007	491
2574352	574
Result 100-1000
3536461	1310
2621957	1326
2638976	1966
2394632	2480
2531895	2582
2359985	3388
2426075	3518
3330561	3936
2517181	5262
3101156	5626
Result 200-10
5014199	15
5069959	24
5155352	38
5308003	50
4714117	61
4762698	70
4556335	82
4759568	97
5026483	117
4796468	118
Result 200-100
4681184	141
4483887	238
4936871	361
4501207	478
4979422	582
4408707	654
4825649	745
4870862	953
4629815	951
4911093	1133
Result 200-1000
4762262	1406
4350866	2294
4385687	4833
5217241	4770
4165373	5350
4736047	6402
4637373	7458
4563615	8165
4826386	9783
4564661	10346
Result 500-10
6566339	32
6806802	61
7323641	94
7670139	124
6831252	145
7497862	175
7564034	198
7371038	235
7540509	272
7423336	293
Result 500-100
6945913	307
7693472	566
7397125	798
7546662	1121
7536542	1346
7511442	1652
7573435	1797
7770388	2275
7660813	2338
7613402	2726
Result 500-1000
8118222	3092
7717373	5783
8229042	8096
7898041	11080
7414173	12732
7083220	15555
8096072	18381
7483398	20082
8293513	23234
8176563	25566
Result 1000-10
13579845	61
13852307	122
14767372	184
15914791	237
14563174	289
15024486	344
15581997	400
14246707	474
14627179	525
15958623	587
Result 1000-100
13134657	575
11967732	1124
13044190	1583
12861579	2145
13332035	2727
12472222	3227
13740914	3624
13283106	4368
13590249	4788
14515683	5397
Result 1000-1000
15358528	5788
12985482	10835
13530330	15772
13194368	21470
13119452	26375
12233024	31508
15267023	36648
13593256	40412
14547150	47705
13237642	51042
