Result 10-10
1571382
1637321
1585372
1583326
1456534
1433565
1587518
1349364
1355310
1583231
Result 10-100
1094043
1658839
1572318
1167775
1484366
1138653
1222581
1403794
1225831
1610821
Result 10-1000
1098995
1120352
2091696
1528776
1314392
1231481
1480089
1744252
1204425
1190058
Result 20-10
2832944
2781788
2818210
1962235
3102251
2509029
3131990
1855736
2262032
2453757
Result 20-100
3107873
2301628
3485206
2486799
2252931
2511024
2977340
2607219
2198479
2983877
Result 20-1000
2042725
2266179
4178027
4437436
3457315
2770260
2396236
3912914
2776115
2257597
Result 50-10
5359097
5633137
6840482
7290809
6939306
10911668
15094343
10579882
9056504
6972788
Result 50-100
15642575
7758302
20396519
22200384
17854638
30920299
22832675
10901535
26227259
33026447
Result 50-1000
14676876
20916623
14634395
19542398
29836582
20877411
23285297
41070309
38540647
24936009
Result 100-10
9600282
8330318
21091852
27870259
35983567
30045927
28542051
76389555
36552192
63713992
Result 100-100
27508602
18829310
361171774
78049831
112863321
160270110
217624810
144309948
159067106
212198149
Result 100-1000
67679828
30699338
133724920
87818490
134147137
135014428
166909993
188834059
256595721
146766365
Result 200-10
29085147
46614490
70056276
107442505
121871252
163470703
128104944
261794372
239277478
786218343
Result 200-100
65758032
322142357
303311742
453740477
1063688419
1003068923
2345970077
2802953300
1725014603
1570959090
Result 200-1000
143006309
264342356
480718605
899769082
962652934
1848611180
911727438
1212427670
3827011172
2184021649
Result 500-10
251811112
936985729
1845718397
2539554893
2672320782
4634690759
7425049328
8702565481
14422783063
13896917722
Result 500-100
3325231238
6822576603
11421731725
14837053557
